BASEMAP.asc
ncols        125
nrows        102
xllcorner    20.857317351932
yllcorner    36.012500000000
cellsize     0.040000000000
dx           0.030034246575
dy           0.030049019608
NODATA_value  0.9000000000
[rows 0 to 59 of 102, columns 0 to 95 of 125]
-1.0 -4 -2 -1 0 4 1 0 142 347 412 639 764 430 545 1295 788 816 271 373 462 500 770 1166 877 821 1529 649 1379 659 1044 868 992 927 1088 1376 938 867 625 707 787 528 677 641 483 452 452 454 468 481 510 473 465 450 583 855 840 1128 1323 1204 1118 1303 991 814 528 519 378 72 94 240 171 0 0 0 0 0 0 0 0 0 0 0 0 0 0 0 0 0 0 0 0 0 0 0 0 0
-2 -4 -4 0 -1 2 -2 0 0 340 567 528 871 426 387 472 994 416 450 591 694 569 635 625 476 1060 1208 959 943 477 656 917 1188 1282 1418 1120 1248 755 937 745 882 727 629 653 587 731 464 514 574 508 535 676 710 680 554 703 863 1156 1471 1089 1079 1320 1210 1111 531 589 365 280 134 39 65 0 200 37 0 0 0 0 0 0 30 102 0 0 0 0 0 0 0 0 0 0 0 0 0 0
0 0 0 0 0 0 0 0 0 0 180 393 600 592 507 426 1080 676 266 266 470 443 403 325 614 870 883 997 361 1051 906 675 879 1266 898 1031 933 983 686 880 729 452 371 531 483 603 770 706 801 800 645 1006 887 933 1011 892 904 963 921 1192 1384 1085 1229 1100 962 724 424 305 208 31 175 270 0 0 0 -3 5 10 44 56 103 199 140 190 0 0 0 0 0 0 0 0 0 0 0 0
0 0 0 0 0 0 0 0 0 0 105 205 237 478 642 264 444 734 1039 622 642 267 415 325 766 810 845 476 856 658 1264 1215 984 986 699 453 762 894 447 638 435 261 187 165 169 327 533 492 412 475 633 424 537 826 855 754 637 601 838 761 958 960 752 631 806 608 241 119 387 291 133 0 0 0 0 13 29 83 258 332 335 164 134 98 0 0 0 0 0 0 0 0 0 0 0 0
0 0 0 0 0 0 0 0 0 40 12 213 277 489 637 494 284 446 643 961 368 267 589 405 954 842 702 320 783 1396 1634 1915 1970 1400 846 604 556 476 482 320 393 182 116 106 88 103 201 112 123 150 307 369 313 584 624 482 477 446 616 402 302 600 419 437 288 223 130 19 75 12 0 0 0 0 11 80 56 170 120 217 449 430 485 354 140 44 0 0 0 0 0 0 0 0 0 0
88 9 313 125 43 45 0 0 22 0 27 101 178 384 865 414 198 333 390 368 321 267 267 699 832 857 374 886 868 1400 1030 935 931 1070 1269 662 690 404 278 243 267 169 167 131 115 104 83 45 47 59 156 259 169 84 129 60 80 62 1 32 83 202 261 461 115 54 0 0 0 0 0 0 46 175 278 141 238 273 143 259 659 544 458 352 332 13 0 0 0 0 0 0 0 0 0 0
21 60 184 215 188 21 2 0 301 135 0 95 206 521 399 255 181 382 526 334 502 322 272 324 267 404 574 811 1384 894 1140 1021 1210 1093 1088 1195 745 801 597 793 810 779 517 191 237 207 192 74 66 34 19 17 14 16 2 0 0 0 0 0 0 0 20 8 1 0 0 0 108 102 0 8 0 207 622 627 686 630 408 530 721 616 540 480 262 164 0 0 0 0 0 0 0 0 0 0
22 165 350 397 582 395 188 263 306 345 75 271 306 408 497 266 168 376 329 318 177 288 358 1086 1353 305 967 1377 1315 675 1195 1393 1459 1229 1644 982 927 823 819 1041 1201 789 430 522 833 694 1225 1290 882 613 191 20 13 9 0 -2 1 0 0 0 0 0 0 0 0 0 70 316 575 461 96 0 0 141 539 19 345 563 681 547 652 543 530 283 277 148 0 0 0 0 0 0 0 0 0 0
16 87 523 978 836 492 603 439 80 413 45 566 370 409 557 228 202 479 437 355 302 498 1077 1130 1069 336 1154 1756 1316 842 1277 1091 1335 1108 1431 1637 1461 817 898 603 559 870 975 675 1427 1586 1744 1915 1783 1291 279 99 24 11 2 2 0 -1 1 12 8 4 0 0 0 0 0 0 0 0 0 0 0 0 0 0 0 0 5 219 471 294 281 200 142 159 15 8 0 0 0 0 0 0 0 0
0 330 408 772 1185 586 552 354 324 113 217 220 550 537 319 540 142 148 142 430 414 631 1068 1222 1132 812 657 773 695 1579 1880 1093 1491 872 1229 1605 1586 1127 1113 1105 794 1276 1354 1184 1316 1699 2102 1879 1453 1423 782 611 329 84 268 82 156 212 216 133 96 40 21 0 0 0 0 0 0 0 0 0 0 0 0 0 0 0 0 0 257 104 201 114 105 32 80 131 168 244 0 0 0 0 0 0
0 452 845 1064 1464 602 386 238 208 277 14 70 858 522 422 162 256 314 398 228 452 563 733 1526 756 807 1344 631 928 898 684 818 1136 1140 1576 1504 1450 1609 1403 1467 1238 1554 1045 1131 1250 1414 1604 1412 1562 1073 969 620 414 929 1085 1095 911 666 355 461 240 90 320 657 631 752 8 10 11 0 0 0 0 0 0 0 0 0 0 0 0 0 233 333 96 70 149 64 86 177 118 353 0 0 51 0
0 223 570 839 391 1237 1253 212 277 358 313 58 414 387 245 286 74 154 128 209 419 531 708 1336 1436 1157 931 1078 871 1285 1466 1404 1454 1400 1310 762 853 1372 961 1176 1690 1541 1716 1347 1158 1098 1168 1201 1323 941 999 598 560 613 728 1079 1068 1068 981 346 338 200 221 433 706 681 891 356 457 444 109 204 127 0 0 0 0 0 0 0 0 0 0 178 297 199 209 127 92 133 231 490 793 336 550 331
0 131 343 60 140 515 565 274 242 323 287 166 128 260 137 62 113 312 426 385 335 397 611 1449 1469 1267 1227 1600 1456 1296 1625 607 1013 1148 1266 1177 662 1012 1367 979 1360 1904 1746 1342 1022 881 1092 1032 1211 1054 740 748 389 370 371 401 448 541 527 794 636 668 440 356 516 488 394 442 197 306 316 267 102 0 0 0 0 0 0 0 0 0 0 0 433 770 790 520 184 448 370 631 860 893 713 301
0 0 0 0 20 400 369 768 418 205 240 175 37 40 55 67 70 155 360 214 213 542 768 1516 1455 778 804 1495 630 724 1396 1041 527 518 819 542 873 784 1552 1217 1547 1596 1837 1754 1106 1207 1737 1276 1251 1337 781 623 380 337 312 292 296 312 278 598 489 547 582 771 646 709 460 388 314 243 169 69 32 4 35 0 0 115 0 0 0 0 0 0 0 0 560 876 552 397 315 518 582 769 818 1052
0 166 243 0 9 361 307 380 358 231 126 298 20 27 29 37 50 77 196 312 224 314 809 716 925 1065 961 723 728 941 599 1242 1099 784 1431 1259 1207 957 1213 1085 953 1085 1649 1447 689 785 2393 2097 2005 1743 1152 621 1321 751 297 318 715 429 385 199 222 199 240 290 287 517 707 366 273 440 352 339 71 26 0 0 28 182 64 94 233 61 0 0 0 0 0 331 432 565 451 342 474 498 487 710
0 36 0 0 0 128 203 118 349 122 208 220 35 24 22 24 23 36 69 84 93 59 35 75 291 472 479 660 427 424 1354 1198 660 1012 710 787 1585 1142 1050 1121 669 723 1215 1490 482 2031 1750 1805 1196 886 728 1063 1447 1473 861 866 828 818 787 227 236 178 148 141 138 228 264 439 233 443 725 760 296 366 476 96 41 164 214 292 252 180 61 0 0 0 0 0 122 421 278 151 230 196 236 312
48 0 0 0 0 33 539 83 300 237 120 118 139 17 16 15 12 17 30 38 11 11 11 11 11 226 458 454 572 529 878 492 491 1283 845 1275 1395 828 1221 1447 844 544 665 1232 434 1162 2021 1589 1157 757 576 990 605 1372 1186 1260 1544 1511 1651 1089 452 262 173 133 128 260 401 218 345 269 414 665 432 431 418 256 386 359 182 144 41 0 0 0 0 0 0 0 0 4 15 53 21 27 62 134
0 11 0 0 0 171 809 225 116 395 35 127 86 23 155 189 27 11 15 14 11 19 15 11 11 11 325 577 547 199 584 752 1385 1006 1259 776 1032 466 531 960 628 1011 602 430 595 1612 1502 1721 1156 784 381 425 365 1195 1295 1212 1437 1868 2015 1251 914 505 187 330 253 225 375 217 283 257 277 192 404 214 235 235 227 283 365 268 125 363 0 0 0 0 0 0 0 0 0 0 4 113 117 87
0 0 0 0 0 71 377 0 144 105 204 81 90 35 61 400 332 129 316 202 168 251 89 159 93 11 11 398 190 163 272 485 658 1044 1382 441 896 502 543 559 536 320 562 605 486 995 925 1117 1421 892 291 147 711 939 1280 1305 1203 1694 2375 1958 1536 632 264 148 126 115 113 147 298 143 97 94 139 198 270 155 172 124 144 178 144 306 177 52 0 0 0 0 0 0 0 0 22 171 156 76
0 0 0 0 0 0 0 0 68 107 -3 1 18 5 49 0 35 586 742 557 565 284 525 369 494 64 311 485 730 166 822 596 771 1059 663 483 415 439 481 613 1002 707 936 1001 440 561 1290 1509 1109 682 498 103 217 368 1069 1114 1087 1223 996 1411 1173 702 299 334 292 249 153 109 105 104 104 96 94 91 165 120 95 94 221 231 227 445 240 596 295 52 45 0 0 9 0 0 25 163 139 153
0 0 0 0 0 0 0 0 90 363 1 28 4 7 45 0 0 281 527 823 732 444 758 322 412 385 224 216 346 363 1341 923 962 541 388 480 904 516 786 964 1486 1004 888 893 499 469 1078 1383 955 432 474 142 37 63 728 505 378 611 880 1448 535 354 421 324 252 408 331 151 112 101 103 98 92 88 92 92 94 173 238 419 497 509 32 32 124 203 530 826 216 77 0 8 31 81 160 342
0 0 0 0 0 0 0 64 0 -2 -3 -2 76 7 1 2 0 12 437 458 324 624 269 446 392 145 347 362 315 352 516 856 331 371 232 154 253 426 456 1126 826 1166 527 551 603 515 896 1089 813 540 278 0 10 278 792 569 857 1260 960 599 483 431 800 1045 510 221 337 369 274 100 99 97 95 94 93 92 92 96 191 71 196 82 103 220 236 657 480 338 455 519 65 0 6 18 114 183
0 0 0 0 0 0 0 0 0 114 1 25 2 2 1 -2 0 0 4 50 119 268 89 99 68 125 189 462 432 380 217 62 180 8 9 -1 0 10 198 366 440 421 854 608 713 757 611 698 343 408 28 0 0 0 356 613 610 522 640 246 664 585 474 427 1143 789 599 487 556 184 114 97 95 94 94 96 94 130 166 71 71 71 91 120 366 557 246 255 182 155 80 21 0 3 0 0
0 0 0 0 31 0 0 0 -3 -1 2 2 0 0 0 0 0 0 0 0 1 2 33 20 670 44 74 824 269 292 40 0 0 0 0 0 0 0 0 0 18 16 221 583 81 67 32 101 750 397 63 0 0 0 0 473 409 204 119 0 0 534 473 424 897 995 915 938 294 230 420 348 179 155 124 100 165 535 172 138 102 105 108 114 124 152 176 181 233 194 104 102 10 0 0 0
0 0 0 0 0 0 0 0 -1 0 -3 0 0 0 0 0 0 0 0 0 0 1 5 3 0 0 0 0 0 19 0 0 0 0 0 0 0 0 0 0 0 0 0 0 132 0 0 59 0 0 118 0 0 0 0 0 622 225 0 0 0 455 437 810 1030 970 1328 868 691 999 846 608 524 488 427 268 155 95 92 129 117 118 132 159 231 243 248 252 233 152 149 139 70 14 0 0
0 0 0 0 0 0 0 0 307 0 -1 -3 0 0 0 0 0 0 0 0 -2 -1 0 0 0 0 0 0 0 0 0 12 237 292 433 351 416 80 0 0 0 0 0 0 0 0 0 0 0 0 0 0 0 0 0 0 318 314 0 0 0 0 542 697 891 1286 1084 1267 811 876 1146 1245 1041 627 362 349 358 349 231 259 227 250 252 316 351 327 377 286 238 216 236 92 116 97 136 42
0 0 0 0 0 0 0 0 0 0 0 0 0 0 0 0 0 0 0 0 0 0 0 0 0 0 0 0 0 0 38 220 438 559 409 445 224 186 141 0 0 0 0 0 0 0 0 0 0 0 0 0 0 0 0 0 0 0 0 0 0 0 0 0 47 363 691 969 899 494 472 630 651 535 302 319 322 348 342 319 320 286 302 320 287 281 303 233 225 180 222 164 109 105 71 172
0 0 0 0 0 0 0 0 0 0 0 0 0 0 0 0 0 0 0 0 0 0 0 0 0 0 0 0 0 36 148 441 883 1384 1101 641 534 246 181 143 85 16 0 0 0 0 0 0 0 0 0 0 0 0 0 0 0 0 0 0 0 0 0 0 267 444 348 120 176 120 122 255 179 188 197 540 337 341 287 311 296 316 290 295 297 308 334 373 410 383 300 385 335 280 163 128
0 0 0 0 0 0 0 0 0 0 0 0 0 0 0 0 0 0 0 0 0 0 0 0 0 0 0 0 0 33 112 430 1215 1638 1140 757 745 548 192 249 91 40 5 0 0 0 0 0 0 0 0 0 0 0 0 0 0 0 0 0 0 0 0 0 0 0 0 0 268 134 186 266 181 543 479 109 122 91 268 279 326 371 367 599 610 885 562 513 539 555 512 572 381 514 786 874
0 0 0 0 0 0 0 0 0 0 0 0 0 0 0 0 0 30 39 21 0 0 0 0 0 0 0 0 20 84 293 369 842 1434 1367 1387 867 513 642 424 280 974 479 34 16 0 0 0 0 0 0 0 0 0 0 0 0 0 0 0 0 0 0 0 0 0 0 0 0 213 0 0 0 239 0 0 348 660 970 1069 902 982 813 647 849 516 459 487 546 543 562 572 579 656 749 1028
0 0 0 0 0 0 0 0 0 0 0 0 0 0 0 0 0 0 5 13 22 24 0 0 0 0 3 151 128 393 769 827 695 1221 1214 1416 1321 1354 332 1303 1015 309 413 424 649 430 454 302 71 5 0 0 0 0 0 0 0 0 0 0 0 0 0 0 0 0 0 0 0 0 0 0 0 0 0 0 0 0 38 431 660 598 476 506 369 337 277 406 371 666 748 803 791 778 976 1083
0 0 0 0 0 0 0 0 0 0 0 0 0 0 0 0 0 4 0 17 19 28 33 35 16 36 102 150 208 269 818 836 979 1039 1017 1069 1290 951 585 1330 1005 977 1115 773 814 499 634 445 547 198 302 31 95 1 30 0 0 0 0 0 0 0 0 0 0 0 0 0 0 0 0 0 0 0 0 0 0 169 381 635 882 788 517 483 484 362 306 221 211 296 435 651 643 631 853 455
0 0 0 0 0 0 0 0 0 0 0 0 0 0 0 0 0 -4 7 16 31 46 70 65 29 69 89 103 120 172 269 401 601 855 790 724 631 474 529 1000 1142 1088 997 595 1272 952 602 918 757 324 790 445 321 159 467 156 12 0 0 0 0 0 0 0 0 0 0 0 0 0 0 0 0 0 0 0 0 0 0 405 509 731 770 929 645 435 261 194 145 91 101 158 251 338 316 226
0 0 0 0 0 0 0 0 0 0 0 0 0 0 0 0 0 2 28 37 57 131 299 281 181 102 127 155 162 196 222 275 476 961 1162 1094 701 1067 634 1075 1239 1108 1007 714 1467 980 1031 1426 882 467 1160 747 967 722 984 758 320 181 80 10 0 0 0 0 0 0 0 0 0 116 90 0 0 0 0 0 2 70 196 283 219 233 423 642 487 329 184 144 52 45 30 64 77 171 163 139
0 0 0 0 0 0 0 0 0 0 0 0 0 0 0 -1 7 31 47 74 142 473 555 326 168 195 296 721 201 279 462 804 811 560 766 657 1059 693 852 876 794 731 786 1121 1506 1364 1104 1417 1110 748 1327 1442 1647 982 884 569 583 109 329 138 112 26 0 0 0 0 0 137 227 458 474 297 211 556 448 658 366 190 182 277 233 131 111 137 212 247 368 158 0 7 0 12 80 286 121 108
0 0 0 0 0 0 0 0 0 0 0 0 0 0 0 -1 20 56 29 68 285 358 605 308 246 408 620 311 326 267 765 697 1785 921 1072 771 777 785 917 1043 812 1281 1309 1429 1657 1304 1150 1358 1396 1455 1247 1106 1314 1018 653 288 350 600 810 631 401 200 26 0 0 0 0 0 0 260 901 838 800 702 733 769 582 869 597 347 278 154 64 25 55 19 0 0 0 0 0 36 207 96 59 81
0 0 0 0 0 0 0 0 0 0 0 0 0 1 2 17 59 72 100 91 146 264 548 305 268 318 492 335 381 542 750 730 1807 1640 963 1857 1666 932 847 718 966 980 967 1420 2227 1697 1278 1136 1714 1131 1152 1526 1593 1153 535 1008 927 978 846 644 345 251 58 20 0 0 0 0 0 0 7 188 276 518 407 478 295 143 141 267 129 171 9 7 0 44 0 13 110 0 158 142 112 34 25 82
0 0 0 0 0 0 0 0 0 0 0 0 -2 2 7 45 75 109 100 143 150 227 278 410 227 344 392 314 425 485 1218 1988 1329 1104 1429 1189 1368 1368 866 757 1227 994 915 1075 1614 1212 1554 1419 970 818 1413 1955 1534 1695 1173 1263 926 749 965 644 249 307 131 40 25 8 0 0 0 0 15 115 184 346 298 198 89 0 0 0 0 0 0 0 0 0 0 0 50 0 0 2 9 11 20 80
0 0 0 0 0 0 0 0 0 68 33 2 0 5 9 13 90 129 138 164 87 93 198 230 209 286 282 276 347 610 1595 985 1252 897 1311 696 1043 958 1090 1052 1133 1032 905 1097 1025 1398 1584 1008 790 995 1580 2129 1488 1692 1425 688 752 982 643 349 468 296 277 89 85 37 20 17 36 61 80 14 5 22 8 5 0 0 0 0 0 0 0 0 0 212 48 46 226 0 0 0 0 0 0 64
0 0 0 0 0 0 0 0 4 204 75 22 10 11 15 22 19 87 61 128 87 122 97 151 251 328 248 313 897 1018 1332 1585 1312 771 1094 586 935 1144 1012 795 573 538 506 872 1464 1506 1399 965 727 912 1404 1374 1308 963 706 634 692 910 504 322 533 432 164 314 270 151 274 244 132 92 55 12 0 0 0 0 0 0 0 0 0 0 0 0 0 30 173 15 0 0 0 0 0 0 0 5
0 0 0 0 0 0 0 0 18 84 82 13 5 9 11 29 45 79 131 118 117 99 116 170 186 446 381 658 950 1001 1160 898 1143 617 678 580 628 955 715 633 770 722 875 502 993 789 1068 708 727 711 941 903 689 607 935 767 815 616 384 257 446 249 700 354 197 184 392 166 353 372 121 0 0 0 0 0 0 0 0 0 0 0 0 0 0 0 0 0 0 0 0 0 0 0 0 0
0 0 0 0 0 0 0 0 0 0 4 7 1 4 12 22 42 90 137 233 203 177 159 179 381 433 544 422 706 791 811 729 595 1041 1060 1255 896 764 571 554 450 548 452 471 695 1029 1266 1394 1017 1172 1244 794 757 1061 550 526 526 291 355 280 523 318 540 248 151 193 379 271 215 390 143 151 124 150 339 233 0 0 0 0 0 0 0 0 0 0 0 0 0 0 0 0 0 0 0 0
5 21 0 0 0 0 0 0 0 0 0 0 0 3 8 24 60 113 185 232 269 262 319 194 289 423 569 497 602 631 627 497 825 740 791 1021 914 1261 974 497 428 738 776 491 705 648 586 907 928 1228 1383 1252 1223 556 704 808 533 562 472 439 561 378 367 232 222 301 329 342 403 582 568 506 477 483 379 416 222 0 0 0 0 0 65 0 0 0 0 0 0 0 0 0 0 0 0 0
3 3 0 0 0 0 0 0 0 0 0 0 0 0 0 21 63 74 182 308 227 141 199 245 316 455 623 684 673 687 715 428 617 530 531 681 389 592 528 575 584 738 864 794 533 552 790 626 632 746 727 1482 1193 608 1234 1178 843 457 1145 602 480 314 257 612 579 881 909 467 722 591 657 612 736 544 359 108 71 0 0 0 0 0 0 0 0 0 1 12 18 50 0 0 0 0 0 0
2 3 412 0 0 0 0 0 0 0 0 0 0 0 0 20 83 156 92 96 99 194 63 215 177 213 389 419 592 722 747 457 568 368 419 729 815 787 617 820 938 986 1137 967 578 666 739 778 625 627 769 1553 850 595 972 618 627 381 381 394 339 223 129 559 384 700 561 804 907 797 693 785 665 433 226 0 0 0 0 0 0 0 0 0 0 0 87 208 92 0 0 0 0 0 0 0
0 0 0 0 0 0 0 0 0 0 0 0 0 0 0 5 17 16 32 121 128 141 40 61 235 306 566 575 609 588 582 440 429 226 343 693 646 791 1019 1133 1054 1045 1240 767 811 1130 1171 760 672 682 860 1544 816 973 933 883 296 300 218 158 187 77 74 161 334 194 452 487 837 880 1063 883 734 216 291 151 258 0 0 0 0 0 0 3 0 0 0 150 108 0 0 0 0 0 0 0
0 0 0 0 0 0 0 0 0 0 0 0 0 0 0 21 8 21 12 17 52 91 29 26 88 190 108 370 249 385 358 270 409 151 321 432 620 882 755 1179 1196 1210 1249 855 1005 1457 1422 1012 916 681 688 1326 815 1090 513 299 395 652 327 124 73 53 39 32 68 144 344 575 661 616 626 765 840 532 151 87 15 0 0 0 0 0 44 0 0 0 0 106 0 0 0 0 0 0 0 0
0 0 0 0 0 0 0 0 0 0 0 0 0 0 0 0 0 0 -4 0 2 4 8 12 14 95 73 56 43 213 209 219 116 155 415 705 697 902 1134 1053 995 1204 1256 1012 1160 1762 1727 1539 797 647 625 628 1035 656 589 1226 545 513 547 633 164 70 31 19 20 87 227 211 506 754 848 821 850 410 237 448 152 0 0 0 0 0 0 0 0 0 0 0 0 0 0 0 0 0 0 0
0 0 0 0 0 0 0 0 0 0 0 0 0 0 0 0 0 0 0 -2 0 1 128 66 21 57 226 151 115 69 253 175 158 181 235 537 766 885 1291 926 1025 1242 1293 1225 1499 1157 1501 1257 1105 806 630 634 742 627 1271 1157 535 271 234 275 290 65 9 9 9 36 166 325 437 336 474 436 378 365 483 381 21 0 0 0 0 0 311 483 215 0 0 0 0 0 0 0 0 0 0 0
0 0 0 0 0 0 0 0 0 0 0 0 0 0 0 0 0 0 0 0 0 -5 -3 57 42 59 165 141 80 251 87 60 119 128 88 253 399 675 1102 945 1162 1430 1394 1316 1362 1040 1091 1100 1564 876 629 639 639 1020 1230 1047 545 740 446 439 128 7 0 0 -1 27 53 200 190 212 397 291 348 297 547 433 316 676 73 0 0 0 0 381 202 0 0 0 0 0 0 0 0 0 0 0
0 0 0 0 0 0 0 0 0 0 0 0 0 0 0 0 0 0 0 0 0 0 0 -5 15 136 185 483 303 195 223 289 216 239 211 191 369 556 752 601 1300 1384 1410 1441 1269 1221 847 1034 1246 1087 893 649 733 799 938 910 1147 631 690 518 289 25 0 0 0 127 34 56 241 130 254 275 387 523 657 433 261 521 418 502 0 0 0 6 0 0 0 0 0 0 0 0 0 0 0 0
0 0 0 0 0 0 0 0 0 0 0 0 0 0 0 0 0 0 0 0 0 0 0 0 0 445 549 363 368 303 269 379 707 584 452 380 414 379 680 414 677 1089 1228 1181 1293 1102 955 784 926 816 659 645 643 1081 939 661 392 680 812 457 135 42 0 0 0 45 167 0 23 70 159 422 464 501 484 460 297 248 321 1057 244 239 0 92 34 0 26 59 0 0 0 0 0 0 0 0
0 0 0 0 0 0 0 0 0 0 0 0 0 0 0 0 0 0 0 0 0 0 0 0 0 -2 94 98 333 729 787 760 593 609 680 715 427 563 238 500 410 593 864 862 866 1198 799 985 851 777 655 658 650 742 681 732 557 313 426 326 193 347 0 0 0 0 0 0 47 0 0 8 29 282 247 491 594 516 805 442 452 676 441 46 17 12 23 0 0 0 0 0 0 0 0 0
0 0 0 0 0 0 0 0 0 0 0 0 0 0 0 0 0 0 0 0 0 0 0 0 0 0 12 153 395 716 943 867 1179 1168 945 1070 988 892 425 432 326 453 533 593 826 915 807 1047 861 683 726 678 664 751 944 761 722 473 316 471 625 540 84 0 0 0 0 0 0 0 0 59 0 342 342 499 257 210 686 325 357 482 488 589 605 687 423 111 0 0 0 0 0 0 0 0
0 0 0 0 0 0 0 0 0 0 0 0 0 0 0 0 0 0 0 0 0 0 0 0 0 0 0 70 311 305 434 705 637 717 987 1064 887 1191 853 509 346 383 426 546 645 663 763 833 825 664 654 663 686 683 699 717 608 502 395 255 186 556 73 0 0 0 0 0 0 0 101 0 0 0 0 0 84 170 230 155 201 269 289 312 356 312 332 167 25 0 0 0 0 0 0 0
0 0 0 0 0 0 0 0 0 0 0 0 0 0 0 0 0 0 0 0 0 0 0 0 0 0 0 120 195 123 237 503 516 558 744 593 743 949 757 419 369 379 416 481 789 672 769 662 722 883 812 857 751 935 777 1063 876 521 366 489 351 141 17 0 0 0 0 0 0 0 0 0 0 0 0 16 12 99 36 62 18 7 0 0 0 0 0 0 0 0 0 0 0 0 0 0
0 0 0 0 0 0 0 0 0 0 0 0 0 0 0 0 0 0 0 0 0 0 0 0 0 0 0 0 254 490 603 439 629 768 652 976 1244 1167 691 490 398 322 394 417 522 685 636 672 667 944 1044 849 828 1111 1324 1120 839 763 579 559 733 189 79 2 0 0 0 0 0 0 0 0 0 0 40 72 107 101 16 0 0 0 0 0 0 0 0 0 0 0 0 0 0 0 0 0
0 0 0 0 0 0 0 0 0 0 0 0 0 0 0 0 0 0 0 0 0 0 0 0 0 0 0 0 270 503 433 449 613 393 562 746 771 483 602 589 478 405 445 456 470 567 1096 766 775 852 871 931 903 1209 1122 1136 698 898 795 774 791 617 196 27 188 0 0 0 0 0 0 0 0 0 0 26 54 48 51 13 24 0 0 0 0 0 0 161 361 0 0 0 0 0 0 0
0 0 0 0 0 0 0 0 0 0 0 0 0 0 0 0 0 0 0 0 0 0 0 0 0 0 0 0 93 223 364 408 334 185 273 142 260 517 510 625 510 479 416 467 489 648 566 623 565 812 1042 936 879 1116 1171 1213 1041 1075 1105 924 727 168 245 428 586 13 0 0 0 0 0 0 0 0 0 3 0 18 0 0 0 0 0 0 50 236 52 43 0 0 0 0 0 0 0 0
0 0 0 0 0 0 0 0 0 0 0 0 0 0 0 0 0 0 0 0 0 0 0 0 0 0 0 0 30 63 121 176 178 156 406 309 82 92 245 477 664 802 483 793 571 567 519 450 575 623 861 920 963 896 907 1029 1240 1120 1620 773 423 679 849 807 882 310 0 0 0 0 0 0 0 0 0 0 0 0 0 0 0 0 0 0 0 0 0 0 0 0 0 0 0 0 0 0
